PDL = 1.111111e-02
NOMDL (bytes/byte) = 1.412856e-08
BR = 1.259833e-04
