PDL = 2.500000e-02
NOMDL (bytes/byte) = 3.178927e-08
BR = 1.355694e-04
