PDL = 3.333333e-02
NOMDL (bytes/byte) = 4.238569e-08
BR = 1.895639e-04
