PDL = 5.555556e-03
NOMDL (bytes/byte) = 7.064281e-09
BR = 2.184667e-04
