PDL = 5.194444e-01
NOMDL (bytes/byte) = 6.790540e-07
BR = 2.324944e-04
