PDL = 1.666667e-02
NOMDL (bytes/byte) = 2.119284e-08
BR = 2.166861e-04
