PDL = 9.750000e-01
NOMDL (bytes/byte) = 3.909197e-06
BR = 3.454639e-04
