PDL = 1.000000e+00
NOMDL (bytes/byte) = 2.212886e-06
BR = 1.462611e-04
