PDL = 3.972222e-01
NOMDL (bytes/byte) = 5.757389e-07
BR = 1.668528e-04
