PDL = 1.000000e+00
NOMDL (bytes/byte) = 2.408920e-06
BR = 3.668250e-04
