PDL = 1.000000e+00
NOMDL (bytes/byte) = 2.446007e-06
BR = 1.996361e-04
