PDL = 9.944444e-01
NOMDL (bytes/byte) = 4.657127e-06
BR = 6.286028e-04
