PDL = 4.722222e-02
NOMDL (bytes/byte) = 6.004639e-08
BR = 2.194972e-04
