PDL = 1.000000e+00
NOMDL (bytes/byte) = 1.897643e-06
BR = 6.516194e-04
