PDL = 1.000000e+00
NOMDL (bytes/byte) = 2.891057e-06
BR = 6.525028e-04
