PDL = 1.527778e-01
NOMDL (bytes/byte) = 1.977999e-07
BR = 2.688833e-04
