PDL = 7.250000e-01
NOMDL (bytes/byte) = 1.077303e-06
BR = 4.233444e-04
