PDL = 7.555556e-01
NOMDL (bytes/byte) = 1.117922e-06
BR = 3.918694e-04
