PDL = 3.055556e-02
NOMDL (bytes/byte) = 4.591783e-08
BR = 1.437111e-04
