PDL = 7.500000e-02
NOMDL (bytes/byte) = 9.889994e-08
BR = 2.062694e-04
