PDL = 5.000000e-02
NOMDL (bytes/byte) = 6.357853e-08
BR = 1.439250e-04
