PDL = 8.055556e-02
NOMDL (bytes/byte) = 1.024321e-07
BR = 2.506167e-04
