PDL = 1.388889e-02
NOMDL (bytes/byte) = 1.766070e-08
BR = 1.938194e-04
