PDL = 5.833333e-02
NOMDL (bytes/byte) = 7.417495e-08
BR = 2.073028e-04
