PDL = 7.166667e-01
NOMDL (bytes/byte) = 9.545610e-07
BR = 2.486583e-04
