PDL = 7.305556e-01
NOMDL (bytes/byte) = 9.510288e-07
BR = 2.505111e-04
