PDL = 0.000000e+00
NOMDL (bytes/byte) = 0.000000e+00
BR = 2.305000e-04
