PDL = 6.388889e-02
NOMDL (bytes/byte) = 8.123923e-08
BR = 2.517389e-04
