PDL = 9.833333e-01
NOMDL (bytes/byte) = 2.196108e-06
BR = 7.405417e-04
