PDL = 1.000000e+00
NOMDL (bytes/byte) = 1.678650e-06
BR = 2.858889e-04
