PDL = 1.916667e-01
NOMDL (bytes/byte) = 2.437177e-07
BR = 2.983694e-04
