PDL = 1.000000e+00
NOMDL (bytes/byte) = 1.605358e-06
BR = 8.386889e-04
