PDL = 2.777778e-03
NOMDL (bytes/byte) = 3.532141e-09
BR = 2.341806e-04
