PDL = 1.000000e+00
NOMDL (bytes/byte) = 2.153723e-06
BR = 2.266389e-04
