PDL = 1.000000e+00
NOMDL (bytes/byte) = 2.412452e-06
BR = 6.565222e-04
