PDL = 4.166667e-02
NOMDL (bytes/byte) = 5.298211e-08
BR = 2.279361e-04
