PDL = 2.777778e-03
NOMDL (bytes/byte) = 3.532141e-09
BR = 1.781472e-04
