PDL = 2.083333e-01
NOMDL (bytes/byte) = 2.684427e-07
BR = 2.129833e-04
