PDL = 2.222222e-02
NOMDL (bytes/byte) = 2.825712e-08
BR = 1.237917e-04
