PDL = 6.472222e-01
NOMDL (bytes/byte) = 8.742048e-07
BR = 4.905083e-04
