PDL = 7.611111e-01
NOMDL (bytes/byte) = 1.218588e-06
BR = 3.404028e-04
