PDL = 1.000000e+00
NOMDL (bytes/byte) = 5.724717e-06
BR = 6.619250e-04
