PDL = 1.000000e+00
NOMDL (bytes/byte) = 1.378418e-06
BR = 9.994000e-04
