PDL = 2.500000e-01
NOMDL (bytes/byte) = 3.178927e-07
BR = 4.171778e-04
