PDL = 3.944444e-01
NOMDL (bytes/byte) = 5.130434e-07
BR = 3.782500e-04
